0 0.750732 0.323611 0.071289 0.143519
0 0.687256 0.320370 0.082031 0.087963
0 0.657593 0.219907 0.062744 0.090741
0 0.599609 0.200231 0.057617 0.126389
0 0.557861 0.098380 0.062500 0.074537
0 0.566528 0.354861 0.072998 0.100463
0 0.546631 0.440509 0.078613 0.074537
0 0.503784 0.381481 0.065186 0.073148
0 0.506348 0.339120 0.066895 0.064352
0 0.451050 0.332870 0.050049 0.110185
0 0.551758 0.255324 0.071289 0.080093
0 0.530884 0.167130 0.071045 0.087963
0 0.519165 0.220833 0.069092 0.071296
0 0.523071 0.033333 0.073975 0.062963
0 0.453613 0.034954 0.077148 0.067130
0 0.404175 0.045139 0.064209 0.085648
0 0.457520 0.122917 0.058105 0.081019
0 0.402588 0.115972 0.062500 0.089352
0 0.428833 0.150231 0.066162 0.066204
0 0.461548 0.179167 0.070557 0.042593
0 0.466675 0.228241 0.063721 0.069444
0 0.371094 0.214583 0.057617 0.070833
0 0.403687 0.229398 0.072510 0.065278
0 0.407471 0.293519 0.066406 0.075926
0 0.351807 0.293056 0.065918 0.100000
0 0.305420 0.074537 0.054688 0.100000
0 0.355591 0.114120 0.060791 0.110648
0 0.331665 0.169213 0.073975 0.071759
0 0.280518 0.228472 0.076660 0.079167
0 0.285156 0.185648 0.076172 0.048148
0 0.261963 0.145370 0.067871 0.054630
0 0.239746 0.072685 0.055176 0.086111
0 0.287476 0.104398 0.054443 0.076389
0 0.290039 0.079861 0.056152 0.068981
