0 0.564575 0.103009 0.030518 0.051389
0 0.601318 0.296991 0.046387 0.037500
0 0.589478 0.335185 0.027588 0.035185
0 0.606689 0.355093 0.039062 0.073148
0 0.770264 0.622454 0.053711 0.132870
0 0.671631 0.518287 0.036133 0.109722
0 0.656006 0.532176 0.032715 0.111574
0 0.636108 0.513194 0.037842 0.089352
0 0.629883 0.602315 0.027344 0.122222
0 0.599365 0.611574 0.035645 0.127778
0 0.600708 0.525463 0.045166 0.077778
0 0.558594 0.582639 0.049805 0.077315
0 0.552734 0.665741 0.054688 0.098148
0 0.510254 0.595370 0.028320 0.088889
0 0.507690 0.664583 0.027100 0.115278
0 0.481445 0.653704 0.032227 0.132407
0 0.460327 0.674074 0.030518 0.126852
0 0.403320 0.643056 0.030273 0.118519
0 0.424316 0.585417 0.018555 0.097685
0 0.338867 0.517361 0.050781 0.083796
0 0.383179 0.538889 0.053467 0.093519
0 0.542480 0.344907 0.043945 0.020370
0 0.557007 0.358102 0.051025 0.025463
0 0.551270 0.380787 0.057617 0.042130
0 0.556885 0.399537 0.051270 0.045370
0 0.548462 0.436806 0.043213 0.058796
0 0.527222 0.495370 0.032471 0.088889
0 0.501831 0.435880 0.029541 0.081944
0 0.506592 0.398148 0.037109 0.062037
0 0.469849 0.393750 0.038818 0.031019
0 0.449951 0.413889 0.055664 0.037963
0 0.439209 0.433796 0.052734 0.030556
0 0.466919 0.511806 0.038330 0.095833
0 0.444336 0.497454 0.038086 0.085648
0 0.421509 0.472222 0.019775 0.089815
0 0.395874 0.460648 0.034912 0.071296
