0 0.298218 0.128704 0.039795 0.052778
0 0.329346 0.184954 0.050293 0.064352
0 0.363281 0.300926 0.054199 0.055556
0 0.407715 0.380556 0.055664 0.057407
0 0.439575 0.563426 0.035400 0.082407
0 0.413574 0.479630 0.028320 0.081481
0 0.392456 0.482407 0.022705 0.087963
0 0.380249 0.581019 0.023193 0.092593
0 0.354858 0.570602 0.032471 0.073611
0 0.290283 0.553935 0.032227 0.081944
0 0.311157 0.505093 0.046143 0.049074
0 0.358765 0.512963 0.045166 0.047222
0 0.356445 0.480556 0.049316 0.036111
0 0.360474 0.429861 0.046143 0.056944
0 0.315918 0.450231 0.050781 0.037500
0 0.294556 0.430556 0.039795 0.070370
0 0.381104 0.393981 0.025391 0.080556
0 0.357910 0.365278 0.030273 0.066667
0 0.330078 0.342824 0.044434 0.051389
0 0.291870 0.346759 0.052490 0.050926
0 0.283936 0.293519 0.034668 0.069444
0 0.299683 0.244444 0.028076 0.087037
0 0.269775 0.190046 0.030273 0.073611
0 0.254272 0.187963 0.032959 0.072222
0 0.247070 0.218750 0.032715 0.075463
0 0.274170 0.247222 0.028809 0.053704
0 0.251953 0.298843 0.023926 0.094907
0 0.214844 0.304398 0.015137 0.079167
0 0.228149 0.324537 0.020264 0.078704
0 0.218140 0.371759 0.022705 0.063889
0 0.208252 0.423611 0.023438 0.092593
0 0.230957 0.401389 0.033691 0.075000
0 0.235352 0.430787 0.034180 0.074537
0 0.264038 0.429861 0.026611 0.075463
