0 0.672485 0.474074 0.072510 0.118519
0 0.629517 0.486111 0.082764 0.101852
0 0.585815 0.468287 0.066162 0.071759
0 0.603638 0.431250 0.061768 0.036574
0 0.646729 0.387963 0.036133 0.065741
0 0.678711 0.378935 0.036133 0.079167
0 0.526978 0.464815 0.085205 0.105556
0 0.593506 0.395139 0.074219 0.050463
0 0.545898 0.384028 0.073730 0.048611
0 0.595459 0.361111 0.069824 0.035185
0 0.598999 0.343287 0.052979 0.029167
0 0.623413 0.338426 0.064697 0.034259
0 0.619019 0.321296 0.075928 0.032407
0 0.609619 0.287269 0.047363 0.039352
0 0.587280 0.289815 0.061279 0.040741
0 0.554321 0.301620 0.066650 0.025463
0 0.533691 0.351389 0.058594 0.037037
0 0.508301 0.319907 0.064941 0.037963
0 0.438477 0.256019 0.040527 0.049074
0 0.459961 0.268519 0.044434 0.028704
0 0.479980 0.279630 0.056152 0.034259
0 0.492188 0.299306 0.055176 0.023611
0 0.438110 0.300231 0.052979 0.036574
0 0.363037 0.308333 0.069336 0.033333
0 0.397095 0.317593 0.032471 0.046296
0 0.439331 0.340046 0.065674 0.043056
0 0.470093 0.352083 0.064697 0.041204
0 0.471558 0.408796 0.066162 0.092593
0 0.408813 0.381481 0.059326 0.069444
0 0.331787 0.436574 0.077148 0.103704
0 0.323853 0.372454 0.067139 0.051389
0 0.370483 0.385648 0.062256 0.089815
0 0.350586 0.337731 0.059082 0.058796
0 0.282227 0.368981 0.068848 0.101852
0 0.790527 0.659028 0.092773 0.188426
