0 0.424438 0.125926 0.045654 0.064815
0 0.407349 0.141204 0.044189 0.049074
0 0.405151 0.170833 0.048096 0.058333
0 0.451538 0.180556 0.047119 0.062037
0 0.528198 0.196991 0.047607 0.080093
0 0.381104 0.258333 0.027344 0.090741
0 0.410400 0.281713 0.037598 0.086574
0 0.435547 0.269907 0.043945 0.071296
0 0.441040 0.249769 0.043213 0.064352
0 0.401855 0.220602 0.039062 0.070833
0 0.476318 0.256019 0.030762 0.082407
0 0.501587 0.265046 0.032959 0.096759
0 0.530518 0.275000 0.040039 0.098148
0 0.483276 0.322917 0.058350 0.057870
0 0.441040 0.340972 0.033447 0.089352
0 0.411011 0.374537 0.040283 0.100000
0 0.385620 0.395833 0.031006 0.119444
0 0.453125 0.518750 0.058105 0.098611
0 0.518188 0.515046 0.061768 0.066204
0 0.508423 0.468750 0.055908 0.057870
0 0.543945 0.460185 0.054199 0.059259
0 0.556274 0.378935 0.026123 0.098611
0 0.528442 0.383565 0.028076 0.090278
0 0.500122 0.369676 0.063232 0.052315
0 0.476440 0.410648 0.053955 0.073148
0 0.619141 0.426389 0.034668 0.110185
0 0.570435 0.337963 0.046631 0.086111
0 0.563599 0.274074 0.037842 0.064815
0 0.603882 0.315278 0.043701 0.096296
0 0.601074 0.275000 0.050293 0.062037
0 0.619263 0.225926 0.062256 0.053704
0 0.632446 0.297222 0.040283 0.095370
0 0.658325 0.320139 0.025146 0.108796
0 0.671265 0.303472 0.032959 0.121759
0 0.668945 0.413194 0.050293 0.092130
0 0.710327 0.326389 0.053467 0.106481
