0 0.261353 0.662500 0.040771 0.098148
0 0.286865 0.645602 0.030273 0.103241
0 0.313110 0.657639 0.023682 0.087500
0 0.331665 0.646759 0.021729 0.084259
0 0.353760 0.636806 0.022461 0.059722
0 0.331421 0.610417 0.067139 0.055093
0 0.379395 0.708102 0.080078 0.110648
0 0.376099 0.588657 0.044678 0.041204
0 0.409180 0.657870 0.069336 0.064815
0 0.461060 0.668287 0.054443 0.090278
0 0.408936 0.622917 0.085938 0.034722
0 0.428833 0.577546 0.058838 0.041204
0 0.451416 0.605556 0.023926 0.048148
0 0.532349 0.710417 0.076416 0.119907
0 0.498901 0.640972 0.064209 0.048611
0 0.544678 0.643981 0.042480 0.052778
0 0.485596 0.601852 0.033203 0.056481
0 0.498901 0.589583 0.053467 0.057870
0 0.522949 0.565046 0.042969 0.043056
0 0.553589 0.560880 0.050537 0.041204
0 0.555298 0.594676 0.059326 0.029167
0 0.545410 0.621528 0.055176 0.030093
0 0.585815 0.621991 0.062744 0.036574
0 0.611694 0.637037 0.072021 0.025926
0 0.601685 0.667361 0.049561 0.068981
0 0.661011 0.717824 0.077881 0.119907
0 0.751343 0.723380 0.085693 0.106019
0 0.688843 0.656019 0.073486 0.049074
0 0.675659 0.624537 0.079346 0.034259
0 0.610840 0.600463 0.056641 0.055556
0 0.639648 0.587963 0.060547 0.050926
