0 0.156006 0.312963 0.058594 0.080556
0 0.875244 0.467824 0.064941 0.086574
0 0.800293 0.447917 0.028320 0.092130
0 0.749878 0.438657 0.056885 0.081944
0 0.740723 0.379630 0.047363 0.062037
0 0.626831 0.625231 0.077393 0.093056
0 0.665894 0.354630 0.028076 0.079630
0 0.640625 0.340046 0.029785 0.081944
0 0.603638 0.333565 0.045654 0.077315
0 0.522949 0.303009 0.040527 0.076389
0 0.519165 0.405324 0.058350 0.077315
0 0.476685 0.449306 0.041748 0.073611
0 0.455688 0.495602 0.055420 0.080093
0 0.426880 0.417361 0.062256 0.068056
0 0.385864 0.374306 0.057861 0.081019
0 0.411011 0.290278 0.044189 0.072222
0 0.425537 0.157639 0.039062 0.056944
0 0.407227 0.184954 0.042480 0.048611
0 0.367676 0.227546 0.034180 0.068056
0 0.399048 0.230556 0.045654 0.062037
0 0.316528 0.356944 0.057861 0.059259
0 0.305054 0.383565 0.059326 0.080093
0 0.265381 0.387500 0.051758 0.055556
0 0.290405 0.411574 0.064209 0.056481
0 0.206543 0.447222 0.054688 0.105556
0 0.257324 0.434954 0.060059 0.053241
0 0.272705 0.447685 0.067383 0.049074
0 0.265137 0.483102 0.073730 0.075463
0 0.093994 0.527778 0.070312 0.103704
0 0.141113 0.504167 0.065918 0.065741
0 0.162842 0.526620 0.075195 0.052315
0 0.207886 0.537963 0.085205 0.063889
0 0.188232 0.568056 0.080566 0.083333
