0 0.058350 0.392824 0.040527 0.072685
0 0.094360 0.624306 0.038330 0.100463
0 0.191040 0.742824 0.059814 0.116204
0 0.393311 0.560417 0.050781 0.063426
0 0.300171 0.304861 0.044678 0.051389
0 0.448853 0.198148 0.034912 0.044444
0 0.474854 0.207407 0.016602 0.040741
0 0.443604 0.241898 0.032715 0.049537
0 0.464722 0.247685 0.034424 0.049074
0 0.455688 0.295602 0.031494 0.051389
0 0.546509 0.310648 0.034424 0.048148
0 0.611328 0.340509 0.030273 0.063426
0 0.635132 0.342593 0.017822 0.062963
0 0.656738 0.357639 0.022461 0.068056
0 0.712769 0.371065 0.037354 0.042130
0 0.723877 0.413889 0.033203 0.062037
0 0.759399 0.425694 0.019287 0.072685
0 0.812134 0.446759 0.047607 0.068519
0 0.625732 0.548843 0.049805 0.056944
0 0.542603 0.531481 0.026611 0.080556
0 0.571045 0.450463 0.036133 0.089815
0 0.546509 0.447454 0.031982 0.077315
0 0.537109 0.354167 0.044922 0.028704
0 0.532349 0.367361 0.044678 0.028241
0 0.545288 0.389815 0.044678 0.049074
0 0.376709 0.383333 0.050293 0.058333
0 0.412964 0.370370 0.044189 0.054630
0 0.447021 0.341435 0.021973 0.056944
0 0.455811 0.378241 0.047852 0.034259
0 0.457153 0.398380 0.040283 0.045833
0 0.416626 0.434028 0.025146 0.043056
0 0.412842 0.466435 0.048340 0.027315
0 0.423584 0.498611 0.044922 0.053704
0 0.475220 0.437037 0.029541 0.066667
0 0.501831 0.455093 0.045166 0.058333
0 0.510254 0.420370 0.036133 0.050000
