0 0.058594 0.392824 0.040527 0.074537
0 0.095581 0.624306 0.039307 0.101389
0 0.191895 0.739352 0.060059 0.107407
0 0.300781 0.306944 0.044922 0.053704
0 0.377808 0.384491 0.051025 0.056944
0 0.413330 0.370833 0.043457 0.054630
0 0.416260 0.434259 0.024902 0.043519
0 0.413086 0.475000 0.047363 0.040741
0 0.422485 0.500463 0.047119 0.056481
0 0.393555 0.558102 0.050781 0.057870
0 0.542725 0.529167 0.025879 0.079630
0 0.625854 0.549769 0.050049 0.058796
0 0.449097 0.198380 0.034912 0.041204
0 0.475220 0.208796 0.015869 0.039815
0 0.444458 0.240741 0.031494 0.044444
0 0.465210 0.247222 0.035400 0.047222
0 0.455566 0.294444 0.031250 0.050000
0 0.447510 0.342361 0.021484 0.056019
0 0.547363 0.312037 0.034180 0.050000
0 0.537964 0.353009 0.044678 0.029167
0 0.532959 0.368750 0.042969 0.029167
0 0.545166 0.388194 0.045410 0.045833
0 0.546021 0.444444 0.032471 0.072222
0 0.573242 0.446528 0.034668 0.085648
0 0.456421 0.380787 0.048096 0.036574
0 0.456421 0.399074 0.038818 0.049074
0 0.510498 0.419907 0.034668 0.050000
0 0.502808 0.454398 0.046143 0.054167
0 0.476318 0.439583 0.027832 0.072685
0 0.611572 0.338194 0.029297 0.059722
0 0.635254 0.344444 0.017090 0.064815
0 0.657471 0.356250 0.025391 0.067130
0 0.712280 0.371296 0.039795 0.045370
0 0.723877 0.412963 0.032715 0.058333
0 0.760010 0.426389 0.018066 0.071296
0 0.813721 0.443750 0.046875 0.063426
