0 0.630249 0.195370 0.031494 0.049074
0 0.656494 0.413657 0.046875 0.037500
0 0.662842 0.442361 0.049805 0.033796
0 0.660034 0.477546 0.019287 0.087500
0 0.738892 0.647222 0.046631 0.100926
0 0.714478 0.652778 0.033936 0.104630
0 0.689453 0.650000 0.030273 0.118519
0 0.659302 0.653009 0.033936 0.137500
0 0.630737 0.637037 0.039795 0.117593
0 0.607300 0.702778 0.048584 0.093519
0 0.609985 0.555093 0.054932 0.063889
0 0.608643 0.507639 0.044922 0.048611
0 0.607300 0.486574 0.052002 0.054630
0 0.613403 0.471991 0.051025 0.046759
0 0.600586 0.448148 0.044922 0.028704
0 0.669922 0.807407 0.078125 0.085185
0 0.559692 0.710880 0.035889 0.086574
0 0.548584 0.782407 0.030273 0.107407
0 0.523193 0.794676 0.035645 0.135648
0 0.497192 0.778935 0.026123 0.109722
0 0.511230 0.716667 0.053711 0.048148
0 0.538452 0.559722 0.044189 0.079630
0 0.553467 0.484259 0.039551 0.059259
0 0.539795 0.494213 0.043945 0.056019
0 0.524536 0.511111 0.055420 0.037963
0 0.486328 0.496991 0.051758 0.038426
0 0.488281 0.530093 0.049805 0.022222
0 0.468750 0.581481 0.016602 0.090741
0 0.486328 0.594213 0.019043 0.110648
0 0.511108 0.618750 0.044678 0.090278
0 0.451294 0.690046 0.044678 0.109722
0 0.412720 0.540046 0.052490 0.049537
0 0.439087 0.558565 0.033936 0.084722
0 0.383301 0.605093 0.054688 0.077778
0 0.417480 0.637269 0.051758 0.089352
