0 0.622925 0.043519 0.019287 0.069444
0 0.674316 0.335648 0.034180 0.112037
0 0.648438 0.353241 0.027832 0.099074
0 0.646118 0.292593 0.036377 0.084259
0 0.587646 0.309722 0.047363 0.041667
0 0.596802 0.329167 0.063721 0.050000
0 0.599854 0.349537 0.062012 0.056481
0 0.602783 0.378935 0.060547 0.068981
0 0.619873 0.436111 0.056641 0.091667
0 0.596313 0.468750 0.043213 0.104167
0 0.674927 0.526157 0.033447 0.118056
0 0.708740 0.581250 0.035645 0.158796
0 0.641968 0.526389 0.047119 0.104630
0 0.603027 0.541204 0.066406 0.076852
0 0.578735 0.577083 0.053955 0.086574
0 0.633057 0.595370 0.050781 0.091667
0 0.598267 0.652546 0.082275 0.087500
0 0.532104 0.578704 0.057373 0.112963
0 0.515747 0.414120 0.068115 0.073611
0 0.525635 0.344213 0.020996 0.077315
0 0.547729 0.317130 0.031494 0.048148
0 0.553101 0.358102 0.033447 0.068981
0 0.234863 0.518981 0.067871 0.095370
0 0.284790 0.526852 0.024170 0.092593
0 0.314941 0.571759 0.068359 0.110185
0 0.339966 0.513889 0.066162 0.086111
0 0.310425 0.453472 0.043213 0.111574
0 0.374390 0.403935 0.064209 0.061574
0 0.380981 0.440509 0.056396 0.069907
0 0.431152 0.404167 0.049805 0.048148
0 0.424683 0.468981 0.021729 0.101852
0 0.443359 0.482407 0.019043 0.127778
0 0.461548 0.463426 0.036865 0.090741
0 0.469482 0.513194 0.036133 0.106944
0 0.451782 0.674537 0.028076 0.143519
0 0.495239 0.677083 0.036865 0.151389
0 0.791626 0.658102 0.038818 0.156944
0 0.953369 0.686806 0.086914 0.104167
