0 0.652710 0.321296 0.091553 0.084259
0 0.651245 0.401389 0.094971 0.099074
0 0.621216 0.440972 0.088135 0.103241
0 0.626221 0.727546 0.098145 0.145833
0 0.566406 0.582176 0.107422 0.108796
0 0.545044 0.434028 0.094482 0.088426
0 0.500122 0.348148 0.092529 0.050926
0 0.518311 0.383565 0.092285 0.052315
0 0.484497 0.475000 0.041260 0.159259
0 0.435059 0.574537 0.054199 0.138889
0 0.404419 0.663657 0.098877 0.110648
0 0.343140 0.489120 0.102783 0.099537
0 0.342529 0.418981 0.098145 0.068519
0 0.295654 0.327546 0.073730 0.120833
0 0.249023 0.069907 0.060547 0.097222
0 0.283813 0.066898 0.070557 0.075463
0 0.281494 0.134722 0.078613 0.118519
0 0.198242 0.242824 0.066895 0.131019
0 0.121460 0.462500 0.122314 0.125000
0 0.168457 0.575926 0.109863 0.147222
0 0.060181 0.690509 0.114990 0.151389
0 0.079102 0.571065 0.115234 0.120833
0 0.025024 0.537037 0.049561 0.071296
