0 0.463989 0.871991 0.031494 0.068981
0 0.425659 0.388194 0.035889 0.047685
0 0.431519 0.327315 0.033936 0.058333
0 0.439453 0.284491 0.017090 0.071759
0 0.477173 0.307407 0.033936 0.042593
0 0.470337 0.282176 0.036865 0.025463
0 0.470337 0.266435 0.038818 0.028241
0 0.467041 0.244444 0.041016 0.029630
0 0.447632 0.182870 0.026611 0.056481
0 0.483887 0.219213 0.036621 0.036574
0 0.503418 0.224769 0.012207 0.061574
0 0.522095 0.237269 0.021240 0.064352
0 0.525146 0.212731 0.028320 0.054167
0 0.559204 0.195139 0.020752 0.045833
0 0.543091 0.186574 0.027588 0.040741
0 0.518311 0.167361 0.031738 0.034722
0 0.513916 0.128472 0.018555 0.046759
0 0.537231 0.138657 0.011963 0.063426
0 0.547852 0.132639 0.017578 0.066204
0 0.562012 0.102315 0.019043 0.056481
0 0.483887 0.185417 0.023926 0.050463
0 0.495239 0.167824 0.029053 0.044907
0 0.455933 0.163657 0.032471 0.034722
0 0.533569 0.052315 0.015381 0.066667
0 0.541626 0.030093 0.031494 0.050926
0 0.502686 0.028009 0.013184 0.051389
0 0.485229 0.047222 0.016357 0.051852
0 0.485962 0.015278 0.012451 0.025926
0 0.462891 0.020370 0.024414 0.034259
0 0.459961 0.084259 0.025879 0.067593
0 0.435669 0.113194 0.030029 0.060648
0 0.435913 0.046991 0.020264 0.062500
0 0.420898 0.035185 0.013184 0.062963
0 0.399170 0.066667 0.021973 0.076852
0 0.399048 0.140509 0.016846 0.051389
0 0.412842 0.147454 0.016602 0.063426
0 0.418945 0.120370 0.017090 0.062963
