0 0.186279 0.322222 0.094727 0.071296
0 0.258423 0.303009 0.072510 0.063426
0 0.213623 0.230093 0.063477 0.145370
0 0.270874 0.239120 0.087646 0.088426
0 0.350464 0.269907 0.074463 0.153704
0 0.453125 0.576620 0.070312 0.152315
0 0.390503 0.084259 0.034912 0.165741
0 0.352295 0.093287 0.052734 0.178241
0 0.309692 0.054398 0.055420 0.106944
0 0.272095 0.047222 0.085205 0.092593
0 0.245972 0.112500 0.100830 0.093519
0 0.174072 0.092593 0.084961 0.110185
0 0.168213 0.037037 0.071777 0.068519
0 0.101318 0.068287 0.078613 0.131944
0 0.034424 0.095139 0.066406 0.092130
