0 0.213013 0.338889 0.057373 0.067593
0 0.407959 0.190509 0.045898 0.043981
0 0.409180 0.224537 0.044922 0.037037
0 0.395142 0.256019 0.042725 0.060185
0 0.420654 0.266204 0.051270 0.058333
0 0.407837 0.333565 0.042725 0.077315
0 0.525513 0.346065 0.045654 0.065278
0 0.602173 0.383565 0.043701 0.081019
0 0.634644 0.389583 0.020752 0.083796
0 0.662842 0.404630 0.030762 0.084259
0 0.552124 0.535880 0.043213 0.106019
0 0.624023 0.683333 0.069336 0.084259
0 0.870972 0.522917 0.062256 0.087500
0 0.797241 0.500463 0.029541 0.094444
0 0.736450 0.428241 0.046143 0.058333
0 0.750488 0.489120 0.056152 0.073611
0 0.514282 0.454630 0.052002 0.070370
0 0.475952 0.503472 0.043213 0.081944
0 0.425293 0.519907 0.041504 0.093519
0 0.455933 0.549074 0.052490 0.082407
0 0.427856 0.414815 0.051514 0.080556
0 0.387085 0.411343 0.055420 0.044907
0 0.379028 0.438657 0.057373 0.052315
0 0.399048 0.468981 0.060791 0.067593
0 0.320435 0.418981 0.062256 0.050000
0 0.295776 0.425000 0.062256 0.045370
0 0.290405 0.462963 0.056885 0.054630
0 0.318481 0.466204 0.055908 0.073148
0 0.332520 0.523843 0.032715 0.116204
0 0.297241 0.545139 0.061768 0.091204
0 0.264038 0.571991 0.066650 0.084722
0 0.244019 0.593981 0.069092 0.088889
0 0.232788 0.626157 0.062744 0.092130
