0 0.443604 0.143519 0.048340 0.106481
0 0.528931 0.245833 0.064209 0.140741
0 0.551392 0.363889 0.077881 0.085185
0 0.664551 0.516204 0.081055 0.100000
0 0.735718 0.812963 0.067139 0.177778
0 0.654907 0.698148 0.082764 0.144444
0 0.624756 0.865741 0.053223 0.169444
0 0.588867 0.923380 0.051758 0.153241
0 0.529541 0.878009 0.095215 0.089352
0 0.522339 0.789815 0.084229 0.086111
0 0.565430 0.713889 0.090820 0.071296
0 0.562134 0.656481 0.093994 0.054630
0 0.591309 0.523611 0.072266 0.118519
0 0.577881 0.584028 0.078613 0.090278
0 0.529053 0.601852 0.092285 0.076852
0 0.433838 0.691435 0.052734 0.159722
0 0.473633 0.729861 0.082520 0.111574
0 0.469849 0.545833 0.088135 0.080556
0 0.518066 0.488889 0.066895 0.130556
0 0.500854 0.425463 0.070557 0.101852
0 0.441650 0.446296 0.081055 0.054630
0 0.457031 0.495139 0.082520 0.054167
0 0.379883 0.519213 0.080078 0.104167
0 0.358887 0.225000 0.073730 0.079630
0 0.409790 0.264352 0.034912 0.165741
0 0.437622 0.289583 0.039307 0.157870
0 0.393433 0.311806 0.058838 0.098611
0 0.373169 0.320602 0.053955 0.096759
0 0.415527 0.394907 0.083008 0.071296
0 0.313599 0.301157 0.055908 0.128241
0 0.312866 0.369907 0.048584 0.141667
0 0.340942 0.389120 0.076416 0.077315
0 0.346924 0.448148 0.081543 0.096296
0 0.288574 0.559491 0.056641 0.132870
