0 0.418091 0.246991 0.056885 0.114352
0 0.505127 0.323611 0.052246 0.116667
0 0.567749 0.354630 0.072510 0.116667
0 0.605713 0.475231 0.077148 0.081019
0 0.687622 0.732639 0.072510 0.127315
0 0.591675 0.817361 0.072021 0.137500
0 0.550537 0.908565 0.091309 0.076389
0 0.510132 0.845833 0.082764 0.098148
0 0.610840 0.660880 0.081543 0.094907
0 0.499268 0.754630 0.083008 0.068519
0 0.589233 0.556481 0.081787 0.105556
0 0.557861 0.569213 0.073242 0.093056
0 0.508545 0.590278 0.090820 0.054630
0 0.522705 0.631944 0.083984 0.048148
0 0.529419 0.682407 0.082275 0.075000
0 0.450439 0.695602 0.080078 0.078241
0 0.426270 0.626852 0.085449 0.074074
0 0.428711 0.551852 0.080566 0.093519
0 0.476440 0.537963 0.079346 0.070370
0 0.512329 0.467824 0.062744 0.126389
0 0.456421 0.405556 0.064209 0.096296
0 0.475342 0.476852 0.068359 0.089815
0 0.432983 0.477315 0.069092 0.083333
0 0.402710 0.368981 0.052002 0.126852
0 0.366821 0.427546 0.076416 0.101389
0 0.361938 0.540278 0.084717 0.081481
0 0.293701 0.576852 0.082520 0.112037
0 0.297119 0.265278 0.054688 0.090741
0 0.366943 0.297917 0.049316 0.130093
0 0.349487 0.309028 0.047607 0.122685
0 0.334229 0.350926 0.065430 0.100000
0 0.299438 0.366204 0.062744 0.073148
0 0.289795 0.409491 0.082031 0.070833
0 0.306519 0.466898 0.084717 0.077315
