0 0.827026 0.964120 0.128174 0.071759
0 0.729980 0.749074 0.073242 0.100000
0 0.647095 0.738889 0.099365 0.124074
0 0.681152 0.597917 0.093262 0.078241
0 0.592529 0.609722 0.087891 0.105556
0 0.592529 0.558102 0.085938 0.078241
0 0.631348 0.504398 0.060059 0.119907
0 0.688110 0.550000 0.066162 0.055556
0 0.634399 0.390046 0.061768 0.109722
0 0.595093 0.390046 0.075439 0.097685
0 0.571899 0.444213 0.036377 0.155093
0 0.506714 0.268750 0.072510 0.078241
0 0.431763 0.290278 0.074463 0.079630
0 0.469360 0.319907 0.050049 0.073148
0 0.525757 0.343056 0.067627 0.071296
0 0.504517 0.382639 0.074463 0.072685
0 0.492920 0.430556 0.068359 0.074074
0 0.446655 0.400926 0.036377 0.087963
0 0.438843 0.475694 0.087158 0.085648
0 0.517944 0.509954 0.080322 0.079167
0 0.509521 0.582639 0.072754 0.136574
0 0.502075 0.723843 0.104736 0.121759
0 0.415649 0.526852 0.086670 0.086111
0 0.419067 0.610417 0.077393 0.116204
0 0.374023 0.348611 0.080078 0.076852
0 0.380127 0.403935 0.063965 0.092130
0 0.315430 0.418056 0.061035 0.151852
0 0.357544 0.615509 0.088135 0.117130
0 0.316650 0.725463 0.094238 0.108333
0 0.177856 0.603704 0.057373 0.150000
0 0.207153 0.516898 0.036865 0.134722
0 0.260498 0.455093 0.081055 0.108333
0 0.292114 0.562963 0.045166 0.138889
0 0.262695 0.574537 0.034180 0.138889
0 0.238892 0.603704 0.036865 0.154630
