0 0.041748 0.468287 0.083008 0.100463
0 0.029053 0.381481 0.057617 0.083333
0 0.091431 0.341204 0.079346 0.075926
0 0.069702 0.355556 0.074951 0.069444
0 0.113159 0.424537 0.093994 0.108333
0 0.188965 0.437037 0.108887 0.096296
0 0.153931 0.363426 0.086670 0.071296
0 0.227661 0.356019 0.077393 0.077778
0 0.267212 0.396528 0.080811 0.093981
0 0.302368 0.344907 0.082275 0.068519
0 0.318848 0.420370 0.087402 0.096296
0 0.312622 0.126852 0.078857 0.086111
0 0.385864 0.350694 0.088135 0.081944
0 0.382324 0.390278 0.086426 0.074074
0 0.390747 0.430556 0.096436 0.052778
0 0.433716 0.472685 0.088135 0.100926
0 0.416260 0.502546 0.089844 0.105093
0 0.390625 0.534028 0.081055 0.123611
0 0.465820 0.608102 0.103027 0.112500
0 0.583496 0.658796 0.113770 0.121296
0 0.569702 0.582639 0.111084 0.074537
0 0.528809 0.512963 0.097656 0.086111
0 0.518066 0.439352 0.087402 0.084259
0 0.486572 0.396065 0.087402 0.065278
0 0.471558 0.358333 0.082275 0.062037
0 0.447510 0.292130 0.084473 0.083333
0 0.506958 0.248148 0.087158 0.087963
0 0.556885 0.402083 0.081055 0.109722
0 0.551758 0.343750 0.083008 0.066204
0 0.588745 0.332870 0.086670 0.078704
0 0.640991 0.412731 0.092041 0.129167
0 0.703247 0.413889 0.080322 0.147222
0 0.742798 0.592824 0.105225 0.162500
0 0.642212 0.239120 0.057861 0.099537
0 0.655518 0.180093 0.055176 0.081481
0 0.031616 0.136343 0.061768 0.078241
0 0.027588 0.112269 0.054199 0.069907
