0 0.920532 0.865278 0.098389 0.107407
0 0.819458 0.844213 0.094971 0.132870
0 0.853882 0.783333 0.082764 0.062037
0 0.839111 0.741204 0.087402 0.050000
0 0.768921 0.777778 0.077393 0.085185
0 0.770386 0.743519 0.080811 0.050926
0 0.801514 0.688194 0.059570 0.073611
0 0.770630 0.686574 0.065674 0.070370
0 0.740967 0.726620 0.079590 0.056019
0 0.700806 0.717361 0.065186 0.057870
0 0.718628 0.680324 0.062256 0.051389
0 0.681274 0.809259 0.082275 0.126852
0 0.721680 0.639815 0.038086 0.046296
0 0.701538 0.637731 0.046143 0.054167
0 0.679077 0.637500 0.043701 0.064815
0 0.660156 0.657176 0.042969 0.065278
0 0.623291 0.662500 0.057617 0.089815
0 0.649902 0.734491 0.072266 0.064352
0 0.609985 0.762500 0.067627 0.103704
0 0.604248 0.683102 0.022949 0.069907
0 0.577026 0.632870 0.051025 0.054630
0 0.549683 0.636343 0.047607 0.056019
0 0.529419 0.642593 0.039307 0.053704
0 0.543823 0.675231 0.057861 0.023611
0 0.563354 0.697685 0.067627 0.037037
0 0.526855 0.775231 0.074707 0.106944
0 0.557007 0.730324 0.069092 0.064352
0 0.504395 0.694907 0.023438 0.062963
0 0.484375 0.697454 0.022949 0.074537
0 0.467407 0.707639 0.022705 0.084722
0 0.486084 0.653241 0.054688 0.050926
0 0.445679 0.689352 0.022217 0.100000
0 0.421997 0.704398 0.042236 0.100463
