0 0.565186 0.175000 0.020508 0.062037
0 0.611572 0.345833 0.029297 0.035185
0 0.617676 0.409491 0.037109 0.104167
0 0.481079 0.422454 0.028076 0.072685
0 0.507935 0.428704 0.034424 0.092593
0 0.479492 0.492593 0.066895 0.079630
0 0.546387 0.384954 0.048828 0.028241
0 0.557739 0.404861 0.061768 0.037500
0 0.557495 0.422685 0.058838 0.043519
0 0.561279 0.451620 0.064453 0.064352
0 0.576538 0.491898 0.059814 0.081019
0 0.583496 0.578241 0.057129 0.129630
0 0.620361 0.589120 0.043457 0.152315
0 0.656860 0.572685 0.041748 0.128704
0 0.694580 0.620833 0.036133 0.151852
0 0.643433 0.753241 0.103760 0.106481
0 0.556030 0.647454 0.070557 0.103241
0 0.502197 0.656019 0.050781 0.109259
0 0.480835 0.676852 0.038330 0.108333
0 0.450073 0.682870 0.048096 0.081481
0 0.467163 0.760417 0.081299 0.143981
0 0.417358 0.748148 0.034424 0.158333
0 0.391479 0.498380 0.066650 0.050463
0 0.376587 0.543981 0.024658 0.101852
0 0.397949 0.553704 0.027832 0.107407
0 0.419189 0.544676 0.040527 0.107870
0 0.425049 0.585185 0.045898 0.127778
0 0.332153 0.647222 0.064209 0.100000
0 0.268799 0.659954 0.060547 0.143981
0 0.224487 0.625231 0.072998 0.094907
0 0.222046 0.592593 0.078857 0.080556
0 0.242310 0.531250 0.061279 0.078241
0 0.325317 0.535648 0.062256 0.062037
0 0.317993 0.496759 0.072998 0.066667
0 0.790161 0.664120 0.037842 0.161574
0 0.935791 0.718750 0.115234 0.140278
